"Dataset" "MW_PRE1" "MW_POST1" "MeanDiff_PRE1_POST1" "SD_PRE1" "SD_POST1" "Cohens_d_PRE1_POST1" "Cor_PRE1_POST1" "Cor_pairwise_PRE1_PRE2" "Cor_pairwise_PRE2_PRE3" "Cor_pairwise_PRE3_PRE4" "Cor_pairwise_PRE4_PRE5" "Cor_pairwise_POST1_POST2" "Cor_pairwise_POST2_POST3" "Cor_pairwise_POST3_POST4" "Cor_pairwise_POST4_POST5"
"1" "cor_07_dataset_k1" 10.37927 4.60031 5.77896 3.45239387343544 4.2315525477382 1.49649069290907 0.38949775792486 0.654807577489504 0.655856273849959 0.651824571727416 0.653566434036473 0.615764607744967 0.616690669437025 0.617009659453653 0.61770718360792
"2" "cor_07_dataset_k2" 10.39202 5.20521 5.18681 3.45105482677314 4.23270103048634 1.34313973802791 0.389565968944453 0.657613502550108 0.652989795308213 0.653374933711289 0.653303971038799 0.634210123789991 0.637166975236272 0.636507759710158 0.643267991868446
"3" "cor_07_dataset_k3" 10.41547 5.42583 4.98964 3.44645810359485 4.24564942811941 1.2903941398359 0.387869157177425 0.658975657043844 0.655396823999588 0.65431476352617 0.653515509894975 0.643269596177592 0.648324308474903 0.644930166093653 0.64495977027333
"4" "cor_07_dataset_k4" 10.38301 5.54266 4.84035 3.44207667242004 4.23071141932313 1.25508042863909 0.394901955427705 0.654965019201854 0.65313107494368 0.653983305788329 0.654867982269265 0.64517257851358 0.645890329267815 0.652319338387304 0.655362549330228
"5" "cor_07_dataset_k5" 10.40014 5.5872 4.81294 3.45730928762168 4.2230432748132 1.247129249023 0.390019294665461 0.653070944766741 0.655887648026677 0.655949958611526 0.656665595142245 0.645081673453215 0.650780779907003 0.651970461928792 0.655198195363948
"6" "cor_07_dataset_k6" 10.3865 5.67689 4.70961 3.44105741869583 4.25074706568224 1.21784977407334 0.391794897383287 0.655220913631972 0.65409362093757 0.651006402566336 0.653296167520629 0.652881903886335 0.649782035150117 0.653714221652819 0.651343685927159
"7" "cor_07_dataset_k7" 10.39604 5.72328 4.67276 3.46691685990956 4.23476391004903 1.20745293188789 0.398011171343247 0.65660704677232 0.652316290285721 0.654292431482222 0.653185955749575 0.646226386757396 0.649866116330742 0.650553142240012 0.650966144683989
"8" "cor_07_dataset_k8" 10.37002 5.82794 4.54208 3.44542942308199 4.23545685225897 1.17648993492537 0.390405347703574 0.657505113799823 0.657258680807113 0.652019422607184 0.652904719648071 0.654563670898169 0.654027309027537 0.656154214810177 0.65180349807072
"9" "cor_07_dataset_k9" 10.39101 5.91223 4.47878 3.43929345466401 4.22519880599121 1.16261290311033 0.390523906007731 0.659727526004181 0.654560085269692 0.654461265757445 0.659067291029075 0.656350476610547 0.657443122259287 0.658579540884714 0.658468081909159
"10" "cor_07_dataset_k10" 10.38166 6.01932 4.36234 3.45075567398609 4.2230019032734 1.1312363937759 0.387664045231606 0.659142593884414 0.652315861398093 0.652048838804444 0.654592979404557 0.657458490307579 0.657176449130022 0.655282417108654 0.657321303642443
"11" "cor_07_dataset_k11" 10.39238 6.11831 4.27407 3.44386941360519 4.24257147706758 1.10615064616281 0.393969570547033 0.654712939962033 0.655478322121006 0.655577277053975 0.652741478114663 0.660774110259291 0.662255768442666 0.656543485916688 0.661154279841678
"12" "cor_07_dataset_k12" 10.38718 6.30104 4.08614 3.4403328336805 4.22902515539192 1.05998535431513 0.392884092653121 0.653849674766726 0.656445833850628 0.656191954067948 0.65338275024179 0.664096010685396 0.66446527166031 0.66137090937726 0.66385782865702
"13" "cor_07_dataset_k13" 10.38733 6.34238 4.04495 3.45140617620499 4.25430099151074 1.04420528049998 0.391878213792831 0.655537995025634 0.652984598913893 0.654112413158677 0.655468930183749 0.664234015815761 0.665193459389552 0.665032821342512 0.663893196188076
"14" "cor_07_dataset_k14" 10.39447 6.66254 3.73193 3.45895982386767 4.22813428353396 0.966135405689299 0.389706368846183 0.654100438898798 0.654572362051856 0.658531634940922 0.652194391835854 0.670427896212933 0.667783293204712 0.665983001225422 0.666595300824863
"15" "cor_07_dataset_k15" 10.40293 6.71269 3.69024 3.44565467516137 4.24652131671712 0.954320438744076 0.390199901063541 0.654215396229385 0.654039898305755 0.654783448641162 0.656118745043536 0.668603465912643 0.661737067137653 0.668071068388262 0.667673073550451
"16" "cor_07_dataset_k16" 10.3842 6.83225 3.55195 3.45068825489848 4.23828851877685 0.919097883007902 0.389400455821354 0.658043275383565 0.653142704612346 0.655855138990737 0.654457858867517 0.669066813127512 0.672136267306836 0.669017447241739 0.670047151260332
"17" "cor_07_dataset_k17" 10.39469 6.95291 3.44178 3.47113098159705 4.22276815011297 0.890438687026556 0.38785629734426 0.65542082112773 0.656787679494299 0.656312276655843 0.652139235588373 0.66840892504719 0.670788387151404 0.669943251528543 0.670947747061267
"18" "cor_07_dataset_k18" 10.38335 7.0713 3.31205 3.45258917063989 4.22826856911324 0.858052290045135 0.390781535572893 0.655455012270685 0.65526465253387 0.653392484906615 0.655876860402154 0.669260828783385 0.669512465253037 0.671901565096474 0.670832558531369
"19" "cor_07_dataset_k19" 10.40347 7.17778 3.22569 3.44815905333681 4.24342012270095 0.834311188184309 0.389932546971719 0.650699496285269 0.655682457937526 0.657782785249639 0.657993776076808 0.667099217206357 0.67252580073807 0.671584972295768 0.668808059284497
"20" "cor_07_dataset_k20" 10.40457 7.2493 3.15527 3.45212866026498 4.24159750819125 0.815934617257225 0.390295517169977 0.656039337618336 0.653458993494339 0.654587288188245 0.654716214005475 0.672310657315176 0.672184498422894 0.673717651750685 0.671744019491024
"21" "cor_07_dataset_k21" 10.39095 7.31827 3.07268 3.44651808095777 4.25309241553143 0.79379553963775 0.387045966457436 0.652774762281275 0.656006095026936 0.655378192957793 0.653641012277999 0.671947639026906 0.672897726842375 0.673756688440112 0.67755886610645
"22" "cor_07_dataset_k22" 10.37495 7.34235 3.0326 3.45198227969331 4.21595353628835 0.787085240636356 0.389207588415749 0.655798503084187 0.653366891288041 0.655000730118157 0.655383178023196 0.670464203726505 0.677557276630573 0.675179032769965 0.675896339354779
"23" "cor_07_dataset_k23" 10.41036 7.43612 2.97424 3.4622860287165 4.25788687515373 0.766452017680746 0.391040072405406 0.655667435773341 0.654402373352654 0.653638278033667 0.652699178816966 0.673024464392617 0.67458438274305 0.67660794005195 0.675653271553112
"24" "cor_07_dataset_k24" 10.39664 7.49352 2.90312 3.4421846546564 4.22738651149468 0.753112287946473 0.388431304084174 0.65546804735156 0.65554243387776 0.651591304190667 0.653267012600672 0.673825784996599 0.674216822426078 0.674793670699247 0.673527200195934
"25" "cor_07_dataset_k25" 10.38077 7.52265 2.85812 3.44562373603522 4.22857018217244 0.741018646243419 0.387927461293718 0.651946080045276 0.652717541277583 0.658206600129116 0.655452011135233 0.673700140090574 0.674171670445945 0.676234855167196 0.674694554479069
"26" "cor_07_dataset_k26" 10.39859 7.86299 2.5356 3.45436467939524 4.23720164715794 0.655930939466825 0.387802127410302 0.654913784234474 0.651799816156418 0.654770911842192 0.652300741627329 0.677868557559292 0.675423145659818 0.674967147037123 0.676244952490789
"27" "cor_07_dataset_k27" 10.39172 7.89943 2.49229 3.46325213964473 4.23998295393443 0.64381163371218 0.388614942161336 0.655967084088499 0.653615521775138 0.656715542430107 0.656918793556879 0.677514214104896 0.678604786345098 0.679988521006495 0.677782668074593
"28" "cor_07_dataset_k28" 10.39567 7.96655 2.42912 3.44763021692309 4.2379819138839 0.628805322176793 0.390206304748088 0.656653722687604 0.653401268923124 0.653109501830518 0.654015890023745 0.674937613424646 0.677955313029908 0.674755537253581 0.674754246060073
"29" "cor_07_dataset_k29" 10.4068 8.06524 2.34156 3.45233152317814 4.23671373116386 0.605919281747543 0.389595708123654 0.65403276185041 0.654938826985636 0.655289234419708 0.656375021482964 0.677483578345084 0.677882084693274 0.678079308759148 0.676939215955365
"30" "cor_07_dataset_k30" 10.37387 8.06258 2.31129 3.470272561488 4.22925083309398 0.597476412577077 0.389570452056 0.655808375392736 0.655426029887238 0.655102357008409 0.655629656955704 0.680111089338141 0.6803322960474 0.676473748368482 0.678836053409059
"31" "cor_07_dataset_k31" 10.40867 8.12876 2.27991 3.45304764903131 4.24146445966575 0.589520156947635 0.385741109713714 0.653446926239625 0.654989494317369 0.654291425885391 0.654064123148897 0.680107153355448 0.680034671728327 0.68068545347319 0.678752548332363
"32" "cor_07_dataset_k32" 10.39738 8.18393 2.21345 3.47113376626373 4.23254284080965 0.571861291188211 0.388140803155864 0.652875465689225 0.652030133870916 0.654957615186449 0.655714668454323 0.677338171932433 0.678252321551366 0.677719188659724 0.678326116607999
"33" "cor_07_dataset_k33" 10.35843 8.32067 2.03776 3.45516675673884 4.2329327809805 0.527415595030669 0.386471790373538 0.656031497980858 0.655128278392583 0.653362123411437 0.655288757201352 0.678367572976704 0.680923584586385 0.677534170734364 0.678813704361343
"34" "cor_07_dataset_k34" 10.38107 8.43031 1.95076 3.46805362257553 4.23590636498581 0.503933586300532 0.390980408420089 0.656156929896682 0.655960972770959 0.653753905651432 0.654501168092249 0.677706531046239 0.678915382384416 0.677077401297784 0.678880775547834
"35" "cor_07_dataset_k35" 10.39464 8.48882 1.90582 3.46247298294031 4.24145433866134 0.492255766885045 0.386118021373608 0.655899601933027 0.655999795209596 0.655302258333205 0.653600490584457 0.680155389633264 0.677874119165221 0.678383635347428 0.678136191924172
"36" "cor_07_dataset_k36" 10.38624 8.58391 1.80233 3.43566539412193 4.23557298516802 0.467358918107655 0.385929240827894 0.654238477643891 0.655050776317018 0.651416452272423 0.654961268404323 0.679257808029407 0.678893225463258 0.681648071949877 0.680997872907695
"37" "cor_07_dataset_k37" 10.38526 8.68006 1.7052 3.45990092944067 4.22651121261618 0.441501630773926 0.384871574037375 0.658085941326029 0.656669472481131 0.655974613057704 0.653216071726533 0.680164947016823 0.680357235609785 0.679014585239779 0.681678716184417
"38" "cor_07_dataset_k38" 10.38556 10.33846 0.0471000000000004 3.45519650240456 4.23095779208897 0.0121938530946925 0.378612627792938 0.65279865199802 0.654604868708813 0.654170241771587 0.657413737036747 0.687191288676253 0.687571919422087 0.684396930320674 0.68388230706795
"39" "cor_07_dataset_k39" 10.39997 10.37479 0.0251799999999989 3.45635551745399 4.23425811037984 0.00651499865167745 0.38319593273599 0.653680525954505 0.656198398146638 0.655489987553462 0.656264802883408 0.686903122780501 0.684265081466807 0.684745918521429 0.684366185163668
"40" "cor_07_dataset_k40" 10.39626 8.78455 1.61171 3.45785158440552 4.23109564051715 0.417123769753585 0.389208903504746 0.65439435882797 0.653932819455142 0.652924429691529 0.654871766490417 0.682041052633653 0.678663711005734 0.681709619625788 0.67986407806496
"41" "cor_07_dataset_k41" 10.36746 10.24073 0.12673 3.45955095833669 4.2167163615862 0.032859190645742 0.383233362227813 0.65487163035571 0.658191116323502 0.656590108884906 0.653811601947596 0.684281016252799 0.683238801193458 0.683984817128525 0.683857025450064
"42" "cor_07_dataset_k42" 10.37333 10.26956 0.103769999999999 3.45468581200094 4.21482799816915 0.0269284466169417 0.378773143249798 0.654891795954804 0.651981155109733 0.656710644415352 0.652646915822305 0.683281791698418 0.682329385956834 0.683903260324772 0.682786003213368
"43" "cor_07_dataset_k43" 10.38021 8.92473 1.45548 3.43457542048259 4.23339859258923 0.377582324362148 0.386382592056549 0.653031891964389 0.655090269308038 0.65624211195344 0.655128063494614 0.680933458725061 0.681984080015365 0.681032735831649 0.680741367379687
"44" "cor_07_dataset_k44" 10.3758 8.90625 1.46955 3.45195502866639 4.22952004675451 0.380676454723959 0.391893437341352 0.656942402953112 0.653054798910594 0.656316951887126 0.654543183932088 0.680977597035045 0.681262219458468 0.682877971656866 0.680213281342025
"45" "cor_07_dataset_k45" 10.36099 10.09995 0.261039999999999 3.45542987482834 4.23187181810731 0.0675708054227265 0.382790768374834 0.65365733075209 0.654969888729533 0.652871184869002 0.659160731682157 0.685831689710468 0.683302159892233 0.68186587746823 0.684867870470754
"46" "cor_07_dataset_k46" 10.40089 10.15024 0.25065 3.45304162194209 4.24000562722235 0.0648244444257478 0.383229193439481 0.656029592279876 0.655159380848308 0.6524876319277 0.6545506709806 0.68740494062395 0.683256169034572 0.685302736326912 0.682875173547471
"47" "cor_07_dataset_k47" 10.40626 9.08831 1.31795 3.44047833612011 4.23821554060311 0.341436894884923 0.383399060278438 0.655410920072486 0.656157277104718 0.65480023047884 0.65693737605667 0.685405886614839 0.682223135562548 0.682358664113736 0.682009619458238
"48" "cor_07_dataset_k48" 10.38217 9.09557 1.2866 3.44950070034068 4.22698178951016 0.333499485570537 0.386235604638545 0.652067788514842 0.655969548515058 0.655370329021915 0.654248408645389 0.682327547919332 0.68114297786462 0.682227850091008 0.684269298650457
"49" "cor_07_dataset_k49" 10.3865 9.12678 1.25972 3.4535890060588 4.23906670488508 0.325818305996354 0.386027205990018 0.653429760244142 0.653478127731112 0.6528390102189 0.655917239781027 0.683964881600807 0.682925015686362 0.681387574322584 0.682992068717385
"50" "cor_07_dataset_k50" 10.38144 9.90579 0.47565 3.4558447527384 4.2360918215543 0.123043560430812 0.38618659253596 0.654073082982018 0.653815669585018 0.65445571495206 0.651293079536047 0.683417508321383 0.679700881369578 0.682742821188206 0.683496386837267
"51" "cor_07_dataset_k51" 10.38848 9.95057 0.437909999999999 3.45810105032064 4.24148164875975 0.113164806292181 0.386499404958574 0.655952227551507 0.653224787323945 0.65731090169016 0.653473470686508 0.682115636974944 0.685765114087861 0.684245119386337 0.682456325012298
"52" "cor_07_dataset_k52" 10.37656 9.95521 0.42135 3.44044778091593 4.22974736403105 0.109289694877543 0.385150188122561 0.655190764195137 0.657273095140612 0.653383502937717 0.657567264879074 0.68510815905386 0.682821814016459 0.681672979504092 0.682358225275614
"53" "cor_07_dataset_k53" 10.38846 9.42536 0.963100000000001 3.44475216693087 4.23473590679301 0.249507329544592 0.38569846078155 0.655739018055874 0.654734149134347 0.656654247609878 0.653760040359836 0.685927088299175 0.686353442066657 0.681893197876668 0.683248095918347
"54" "cor_07_dataset_k54" 10.37224 9.42462 0.947619999999999 3.44434551367312 4.23494476979004 0.245501226999659 0.383438936432189 0.656186295912369 0.653546419563049 0.655366892329846 0.654071625207817 0.686144959368677 0.685113497032559 0.683269875081701 0.681871900939825
"55" "cor_07_dataset_k55" 10.411 9.4711 0.9399 3.44324230329142 4.2398802525361 0.243361462918292 0.383345349954837 0.650951339697997 0.654534123414513 0.65281501166273 0.654907036931208 0.685503123655912 0.683047701624197 0.684551817324346 0.683559778866441
"56" "cor_07_dataset_k56" 10.38243 9.49261 0.889819999999999 3.44387222435139 4.23911843301775 0.230402804295836 0.390314067850742 0.658121629798635 0.655605950157887 0.655826926121823 0.655692668587665 0.682714409407461 0.685798072025423 0.68421662245644 0.682051960416062
"57" "cor_07_dataset_k57" 10.36874 9.44623 0.922510000000001 3.45709854179821 4.21419107079447 0.239346955897914 0.383328393869676 0.653362068531203 0.656764945743202 0.656917708060386 0.657913725331898 0.685281157196565 0.683215494932024 0.68420485569862 0.684507293270463
"58" "cor_07_dataset_k58" 10.39101 9.5256 0.865409999999999 3.45817593099421 4.23139264153504 0.223957369819663 0.385453428556648 0.656805400211477 0.655299459879208 0.655546893364609 0.651280328247109 0.682680073059985 0.682988041976579 0.681829628314251 0.682149180441081
"59" "cor_07_dataset_k59" 10.38616 9.54739 0.83877 3.44834443830567 4.22747594947967 0.217431377569546 0.387380742752475 0.65602780395308 0.655868447599413 0.655725315048966 0.653371211881089 0.685107909677375 0.684968391912637 0.685940905163803 0.681589710989293
"60" "cor_07_dataset_k60" 10.40541 9.59868 0.80673 3.46026768710524 4.24069358624517 0.20844645803544 0.384959156130058 0.654145091092325 0.654854212517963 0.652760932169589 0.65646754058226 0.684205738267649 0.682633452452916 0.680777749824419 0.681828047189238
"61" "cor_07_dataset_k61" 10.40031 9.59286 0.807449999999999 3.45381834966924 4.23268663814861 0.209025129985409 0.383898687259267 0.657386945689482 0.653003897228608 0.652242318357614 0.656332703098148 0.682718651575924 0.682956571814645 0.685388367619073 0.684057808441865
"62" "cor_07_dataset_k62" 10.41208 9.63381 0.778269999999999 3.45428855116274 4.2540775563756 0.200850441245173 0.386424582492291 0.655950189872872 0.658315593702367 0.652461919183421 0.654459121290412 0.681299924083309 0.682214185260632 0.683701904530279 0.680404889956412
"63" "cor_04_dataset_k1" 10.38685 4.59407 5.79278 3.45139916542002 4.23644548056541 1.49920094498206 0.184446921819178 0.323994218559674 0.327071331611386 0.329018994161347 0.323633159683076 0.292366294851817 0.285090682667585 0.29452302629816 0.287971865983713
"64" "cor_04_dataset_k2" 10.4088 5.19607 5.21273 3.44851873748931 4.22143396965387 1.35241051641463 0.186740684503629 0.329100541741859 0.324569409761425 0.323092776896365 0.325528155225875 0.309866181577125 0.308947469332905 0.311593571892529 0.306687378013971
"65" "cor_04_dataset_k3" 10.39016 5.43663 4.95353 3.46805643676029 4.25201893689932 1.27671944689534 0.185657598928239 0.330484345498323 0.33012596744204 0.323754980013693 0.324283303527433 0.310127400242156 0.315128596804184 0.309005194257628 0.312669823214364
"66" "cor_04_dataset_k4" 10.39056 5.56006 4.8305 3.46136428259537 4.24722652865748 1.24681470226678 0.187182054535487 0.326897105538018 0.324603158373628 0.322665248966748 0.328805446715509 0.310301729238865 0.315556405847292 0.316289541532137 0.310171570131461
"67" "cor_04_dataset_k5" 10.38195 5.59399 4.78796 3.45368838738164 4.22943787770285 1.24005238851806 0.186207492018932 0.328065449301496 0.32605865375038 0.325221482749281 0.321709492635918 0.317677721806865 0.316580533808082 0.322535431486535 0.310700880270017
"68" "cor_04_dataset_k6" 10.38983 5.65714 4.73269 3.43792099445401 4.22904077401232 1.22804690443878 0.185674671202196 0.325018903903016 0.32517849500746 0.325179716557797 0.327644652443817 0.314325598657763 0.315020281570849 0.309025465277185 0.315718225629438
"69" "cor_04_dataset_k7" 10.39056 5.69733 4.69323 3.43763306064079 4.21193046888036 1.22082009512702 0.187692835463692 0.325411136194716 0.329384472664761 0.329178014942957 0.324575916904696 0.318623250041027 0.311654100659777 0.317972821579136 0.311154052428048
"70" "cor_04_dataset_k8" 10.38156 5.82337 4.55819 3.45632339750121 4.2253793180499 1.18086235166877 0.184229029233887 0.32649455832101 0.326051727151907 0.327996255739818 0.322981827024144 0.320929117526179 0.319284691401094 0.318571288859587 0.320802044110245
"71" "cor_04_dataset_k9" 10.37462 5.91452 4.4601 3.42009310194449 4.22229220295262 1.16082351749109 0.18044698433572 0.32994660268903 0.327355273503823 0.323867586864802 0.321582263949666 0.318651119553525 0.316783603655434 0.313517120836344 0.318185077107243
"72" "cor_04_dataset_k10" 10.40887 6.03127 4.3776 3.44879895981814 4.24781033310413 1.13145922118138 0.185949550231741 0.328446041544462 0.322657507010792 0.324766517082294 0.326474795435458 0.316520041536239 0.318820877690553 0.323099236473205 0.317117192418584
"73" "cor_04_dataset_k11" 10.40923 6.13851 4.27072 3.45446669407905 4.24039205606603 1.10427420850762 0.184068853085692 0.325094191555752 0.325900149549864 0.325463856343034 0.326285557562224 0.322115435021107 0.32343919084117 0.324987069406761 0.325232354421013
"74" "cor_04_dataset_k12" 10.38527 6.29754 4.08773 3.45362364803448 4.22802893919698 1.05891665872863 0.182486620200776 0.317055602829864 0.325757633887488 0.325483294006982 0.32311728252946 0.320466190410575 0.325819919625788 0.321296764057279 0.320122196312487
"75" "cor_04_dataset_k13" 10.36866 6.31603 4.05263 3.45651692885957 4.23388642939829 1.04860114287528 0.184269317389335 0.321543952772448 0.324207605684923 0.326638766084021 0.32427482399298 0.318282318129891 0.325497694800422 0.321720994135762 0.323938496646727
"76" "cor_04_dataset_k14" 10.38547 6.65372 3.73175 3.45284261157687 4.22775695858797 0.966825696887598 0.182883792078359 0.328142548501146 0.32906659636613 0.325603690537253 0.329385814521194 0.326094521686677 0.329350489219397 0.324242640534669 0.332386864722602
"77" "cor_04_dataset_k15" 10.38858 6.68834 3.70024 3.45095127091745 4.21124036239371 0.96112383059833 0.18206635899447 0.328595577339197 0.330195762902498 0.328034876101001 0.3227677359735 0.332671402619489 0.324483397721765 0.324248590411295 0.326004393199002
"78" "cor_04_dataset_k16" 10.39087 6.86084 3.53003 3.44845901263095 4.2436534472487 0.912965632083394 0.179937686869647 0.323166023195113 0.325021482437091 0.322627822029673 0.328589237075133 0.331050540292698 0.327140428503434 0.327777036137845 0.325390401997068
"79" "cor_04_dataset_k17" 10.38767 6.97686 3.41081 3.46763928578538 4.24081647629839 0.88053460104499 0.181898288039663 0.327443970478981 0.32904353325175 0.327848693263896 0.331170383166856 0.331010590015434 0.326207770339491 0.334800748514782 0.32305385233291
"80" "cor_04_dataset_k18" 10.38368 7.07323 3.31045 3.4395156578041 4.24820524922918 0.856504774587911 0.182773893876226 0.321287518632284 0.326020996994945 0.324413506481963 0.324272705758269 0.329827594714725 0.331496479444382 0.329499105955781 0.329837438635783
"81" "cor_04_dataset_k19" 10.41322 7.15489 3.25833 3.42649188530579 4.21824809892332 0.8479017284508 0.177727193383787 0.324689473769909 0.324018211414332 0.325937912086839 0.327787520436143 0.328155014529555 0.332253508889112 0.331624764791006 0.331405471634512
"82" "cor_04_dataset_k20" 10.37918 7.24439 3.13479 3.45028427411651 4.23687420617256 0.811354793204305 0.178609468752968 0.321155859925768 0.329488971542285 0.326020101551939 0.325060231032316 0.327983715529533 0.328324367790905 0.331647808056087 0.330812419679484
"83" "cor_04_dataset_k21" 10.39331 7.30076 3.09255 3.45788617708393 4.22668452466241 0.800874596207905 0.183795588965076 0.325360801780061 0.320767752489105 0.325225835812213 0.328834417832209 0.330477234395239 0.329021530297546 0.328601153969831 0.332599624836415
"84" "cor_04_dataset_k22" 10.40933 7.36603 3.0433 3.450973492115 4.22662876096385 0.788758451049352 0.181958893842166 0.318878554654222 0.328041945875876 0.331955224233758 0.320785043668251 0.327300844323491 0.328984004191714 0.33496772609919 0.326503257106482
"85" "cor_04_dataset_k23" 10.40242 7.41171 2.99071 3.44276003659371 4.2238635496584 0.776171564063007 0.182685473066354 0.3233372555478 0.321764918378448 0.32393406207941 0.324658483020522 0.333115162682463 0.334322695847751 0.327220507062447 0.331418126265637
"86" "cor_04_dataset_k24" 10.39189 7.50463 2.88726 3.4444434775169 4.23847121135464 0.747623233432999 0.177458420917222 0.329472056276039 0.329576837136604 0.326412743521387 0.327950273437536 0.336480227225339 0.33833589707938 0.336098674074011 0.33688731223785
"87" "cor_04_dataset_k25" 10.3872 7.54823 2.83897 3.44608689895498 4.23275950529088 0.735576189692459 0.184090090001617 0.323940260030477 0.324499448985531 0.322815558325678 0.330900924666495 0.336400749050772 0.329952471912555 0.333732976381946 0.332303532375677
"88" "cor_04_dataset_k26" 10.38255 7.85692 2.52563 3.47234014303908 4.22833382098304 0.65281207880628 0.182977325739275 0.326009430076425 0.326874118714883 0.327440044738415 0.321916165869543 0.334318441499137 0.333495863748356 0.335385488814601 0.334206880896978
"89" "cor_04_dataset_k27" 10.37221 7.89421 2.478 3.445430078493 4.22199913887572 0.643080563602894 0.183542015084074 0.325050474670158 0.32413539190522 0.321549772613371 0.327661678373278 0.338185475964994 0.334202262213837 0.339065753037274 0.331888192658682
"90" "cor_04_dataset_k28" 10.38145 7.93035 2.4511 3.45557018553423 4.22151360169204 0.635395204376954 0.180942011163705 0.329129804955551 0.325081137974889 0.326610272433172 0.327549552528227 0.334679253361749 0.336414799068358 0.330744277951552 0.333680977467949
"91" "cor_04_dataset_k29" 10.38786 8.01773 2.37013 3.45312957495641 4.2398461540549 0.612983340329832 0.183496902982236 0.328667572881291 0.329413694618875 0.330617609023909 0.32510389591904 0.332023893816567 0.334580411208191 0.332779904847465 0.331780543714467
"92" "cor_04_dataset_k30" 10.38995 8.05231 2.33764 3.45967465103106 4.2246647372095 0.605423995001448 0.178278183025359 0.32870562710095 0.329243513890939 0.329687896619211 0.323160409538053 0.329127332014842 0.334933955752239 0.333970021156253 0.333587727677635
"93" "cor_04_dataset_k31" 10.42795 8.13902 2.28893 3.44029753858173 4.23615779804399 0.593171400837677 0.179137258530286 0.322940816170458 0.326349289619788 0.321717649027392 0.32388714551783 0.335221675821691 0.338653464244753 0.334947102218702 0.332102122946651
"94" "cor_04_dataset_k32" 10.40311 8.21004 2.19307 3.44736292998166 4.23761994197542 0.567747806279741 0.181831579435306 0.327259455109252 0.329759225813642 0.326954268615046 0.323129444730453 0.334117421601487 0.333792158999614 0.334999993606054 0.332139995284503
"95" "cor_04_dataset_k33" 10.37483 8.34711 2.02772 3.44951756957616 4.22296139953112 0.525904304028341 0.176123896005652 0.329229611798172 0.327046568367356 0.323801796067634 0.325083057505766 0.338027524339492 0.33477300738272 0.335587403993462 0.328985253058714
"96" "cor_04_dataset_k34" 10.3751 8.39906 1.97604 3.44826027077263 4.2280953021779 0.51220178666654 0.180593691905885 0.330361348702092 0.325142432411674 0.324082805464384 0.324995000186383 0.33613987571469 0.333187802916507 0.334468426325538 0.337816315073348
"97" "cor_04_dataset_k35" 10.38518 8.50497 1.88021 3.46403180741223 4.21573872810333 0.48732374623467 0.177055488417029 0.32908339604573 0.325168245402735 0.321383512281666 0.325692779964053 0.333417506341087 0.331440176670654 0.33691618917255 0.340354852257246
"98" "cor_04_dataset_k36" 10.38428 8.6045 1.77978 3.4540915142888 4.23666841322193 0.460458233099165 0.18558148925293 0.326365952999936 0.330294266854888 0.328306217191949 0.322862093125879 0.338154476662031 0.337684735412393 0.334458121864983 0.338117504840727
"99" "cor_04_dataset_k37" 10.38721 8.67469 1.71252 3.42586569810578 4.22293993991358 0.445375806262246 0.177018666654271 0.321180814440743 0.326159353815982 0.325427140833621 0.321627381469902 0.3364311280112 0.336028653442927 0.34045094721459 0.337634154029856
"100" "cor_04_dataset_k38" 10.39443 10.35871 0.0357199999999995 3.4408942693192 4.22962599212511 0.00926472905187308 0.179210155653431 0.3234898871596 0.324523007438092 0.324172847379377 0.327454993826464 0.336721120640611 0.340528853981866 0.340845825914839 0.34500853549037
"101" "cor_04_dataset_k39" 10.39 10.40792 -0.0179200000000002 3.45375727062468 4.22860971064969 -0.00464167874466717 0.181053858044546 0.32038205085882 0.327150123535357 0.322778157316345 0.325563380949558 0.341294019266418 0.340767389465237 0.343991214792244 0.338851903150572
"102" "cor_04_dataset_k40" 10.39054 8.80398 1.58656 3.44454019529045 4.2431446124734 0.410544452071136 0.176812786619631 0.327313359727359 0.325162859476989 0.325019854827725 0.32760171224582 0.339127897920284 0.335587404271892 0.345803469294453 0.337434682325386
"103" "cor_04_dataset_k41" 10.4029 10.25082 0.152080000000002 3.42620912658433 4.23849371544771 0.0394622232542612 0.177429861409247 0.330918033694224 0.325746803396486 0.32324771196745 0.324118878185507 0.338736090509653 0.336072333958611 0.33686758676137 0.346877533664635
"104" "cor_04_dataset_k42" 10.39774 10.25963 0.138110000000001 3.45056255648547 4.24580764188927 0.0356995779299927 0.177512993178116 0.325485421397668 0.32920451799546 0.32340203835845 0.330199109839573 0.340083199092795 0.33811186909924 0.341023872319294 0.343988299682488
"105" "cor_04_dataset_k43" 10.38928 8.92275 1.46653 3.45778551162539 4.23160980038508 0.37952524641309 0.177968704750872 0.3222501254293 0.326419906927788 0.326654707739261 0.329787670383051 0.337827751230578 0.337926386582063 0.335047513107035 0.340191688090075
"106" "cor_04_dataset_k44" 10.40002 8.94083 1.45919 3.46876697445119 4.24107165442743 0.376641779190477 0.182891929858103 0.326188916539038 0.329565570287485 0.324025212517523 0.324998781724314 0.338735570222058 0.335006349234372 0.336091793302662 0.340536147965992
"107" "cor_04_dataset_k45" 10.39192 10.11845 0.273470000000001 3.45157034507171 4.23096899167154 0.0708290449797831 0.180122279128156 0.328372262645983 0.328615926575045 0.327377658144965 0.323707474995699 0.343967288848403 0.336840529643859 0.337837421602277 0.343362184061729
"108" "cor_04_dataset_k46" 10.37756 10.11919 0.258370000000001 3.46285263329002 4.22955584374132 0.066844121245319 0.173397312789727 0.3240034204358 0.319873303745482 0.326233767347255 0.326746620084155 0.336299629471978 0.336936502092279 0.345068547047264 0.340826445947187
"109" "cor_04_dataset_k47" 10.37908 9.06535 1.31373 3.4577937932993 4.22383685592588 0.340356348642623 0.175553935212414 0.32834405234692 0.325425803668346 0.324712492529535 0.329205558153181 0.334680653056005 0.340072782345952 0.337666373098577 0.33274231840041
"110" "cor_04_dataset_k48" 10.3926 9.12575 1.26685 3.44688033587482 4.23411575359746 0.328147067748997 0.179848472845396 0.324404156611836 0.327345822496681 0.329660087309503 0.324048003068261 0.339894765302243 0.337942142100394 0.340171110870141 0.339376253521842
"111" "cor_04_dataset_k49" 10.38086 9.13504 1.24582 3.43329630757897 4.2406655174442 0.322905379620242 0.179447902989239 0.326008335641924 0.324583443465926 0.323400143539826 0.326248887448857 0.338729586401386 0.336515886803047 0.338279298904278 0.33557044566509
"112" "cor_04_dataset_k50" 10.40252 9.91759 0.48493 3.45985221582852 4.23465440323991 0.125411561582314 0.177129773288411 0.329482499118225 0.32009148975096 0.328748846149731 0.318769889332452 0.340964741962884 0.341009286541785 0.33624121495358 0.336476524511695
"113" "cor_04_dataset_k51" 10.38112 9.92837 0.45275 3.45686375847681 4.24115067130256 0.117021965511371 0.177826987376752 0.322815634284515 0.328701273872836 0.330971334425963 0.325092379544117 0.339844709889367 0.335762493798358 0.339590792163604 0.338679327431607
"114" "cor_04_dataset_k52" 10.41049 9.93748 0.473009999999999 3.44282826910738 4.25136354485474 0.122279197100731 0.18063345134844 0.327025935157807 0.330914830270021 0.324113799675073 0.332331815816349 0.345397211241999 0.335958899472955 0.338594953810659 0.340647010118307
"115" "cor_04_dataset_k53" 10.40913 9.43207 0.97706 3.45727380612553 4.2356091555937 0.252726368891538 0.177903143617856 0.324595416422771 0.322409689993195 0.328646944931499 0.325597242518714 0.337166868093817 0.338057281073318 0.333917032301379 0.337374104644759
"116" "cor_04_dataset_k54" 10.38625 9.42856 0.957690000000001 3.46327892040315 4.22940128206724 0.247761676387384 0.177933273724955 0.327466258627983 0.321738258741528 0.327923040155497 0.322130382309229 0.339924002230365 0.340231887049343 0.340631179223419 0.33971185777235
"117" "cor_04_dataset_k55" 10.39951 9.45169 0.94782 3.4510724215682 4.23405779558501 0.245393030870144 0.174622491339346 0.325833416504841 0.328097223574054 0.324551537289048 0.32524667873306 0.341767132467744 0.343111600903865 0.334829128212277 0.338701781436658
"118" "cor_04_dataset_k56" 10.39279 9.49034 0.90245 3.44766368425762 4.22707054183552 0.233970845238176 0.173091675362746 0.324608380856327 0.324214081147582 0.32391442455192 0.324919592786895 0.334682834216792 0.3396200511372 0.335754921064691 0.336930973343281
"119" "cor_04_dataset_k57" 10.39646 9.5026 0.89386 3.46080904419652 4.22581966197307 0.231431937815699 0.178529850958867 0.325694775654725 0.324907488522161 0.327800310562299 0.329110544495669 0.339141916545864 0.338643677908879 0.340580544595698 0.342112118912444
"120" "cor_04_dataset_k58" 10.38999 9.5299 0.86009 3.45851375782635 4.22387788666339 0.222809049539822 0.182761425129629 0.326010565570434 0.327827191931535 0.331436774358985 0.331632959297687 0.337134583607639 0.338962217309013 0.331945504718361 0.333959154950242
"121" "cor_04_dataset_k59" 10.38068 9.56578 0.8149 3.45267750411467 4.22103200209518 0.211330780588823 0.178447883883973 0.324434983443441 0.329936082053335 0.331534453919254 0.326751325819037 0.335984268356452 0.340499118404596 0.342674148241639 0.336414845960044
"122" "cor_04_dataset_k60" 10.39001 9.57987 0.810140000000001 3.45142308665762 4.23012053283322 0.209856037769158 0.175193955504711 0.321230694724733 0.320278202949422 0.323663787817616 0.330189188462499 0.342604799120668 0.337596268855207 0.338991064308801 0.332713402513584
"123" "cor_04_dataset_k61" 10.39051 9.60951 0.781000000000001 3.4317677238119 4.24238936668658 0.202414162534807 0.172324572408167 0.325434040019472 0.324355269383771 0.324202507794858 0.32956516176579 0.343090449342175 0.340046359400999 0.336375226240468 0.341276310969256
"124" "cor_04_dataset_k62" 10.39158 9.61515 0.77643 3.45170454214182 4.22641208391835 0.201223233301584 0.183332641950045 0.320505534311203 0.322050891624942 0.323914178880964 0.325424521788135 0.336281001238535 0.337524919996394 0.33916846526969 0.33962283652656
